symbol,datetime,Open,High,Low,Close,Volume
Q_NF1,20200731 09:15:00,11123.65,11136.0,11064.45,11076.2,227100
Q_NF1,20200731 09:16:00,11074.25,11085.45,11070.35,11071.0,357150
Q_NF1,20200731 09:17:00,11071.0,11078.0,11070.0,11076.9,454725
Q_NF1,20200731 09:18:00,11076.1,11081.95,11067.0,11068.4,529725
Q_NF1,20200731 09:19:00,11068.65,11073.0,11066.0,11070.35,605100
Q_NF1,20200731 09:20:00,11068.75,11068.95,11054.85,11062.5,727275
Q_NF1,20200731 09:21:00,11060.85,11078.95,11060.75,11078.5,801600
Q_NF1,20200731 09:22:00,11077.0,11078.35,11066.1,11072.45,860400
Q_NF1,20200731 09:23:00,11074.95,11087.95,11073.95,11086.0,927975
Q_NF1,20200731 09:24:00,11086.0,11097.8,11083.0,11092.25,1008075
Q_NF1,20200731 09:25:00,11092.0,11095.0,11086.25,11092.0,1062225
Q_NF1,20200731 09:26:00,11092.95,11115.6,11091.65,11115.1,1146450
Q_NF1,20200731 09:27:00,11113.1,11126.0,11112.5,11121.7,1245225
Q_NF1,20200731 09:28:00,11120.0,11122.15,11111.8,11117.5,1291875
Q_NF1,20200731 09:29:00,11116.85,11124.9,11115.85,11120.2,1323375
Q_NF1,20200731 09:30:00,11118.65,11122.0,11106.6,11110.15,1388550
Q_NF1,20200731 09:31:00,11113.5,11115.6,11097.0,11100.5,1447050
Q_NF1,20200731 09:32:00,11101.2,11103.95,11093.5,11098.5,1495875
Q_NF1,20200731 09:33:00,11100.75,11101.0,11087.0,11089.0,1549350
Q_NF1,20200731 09:34:00,11087.25,11103.2,11087.25,11099.0,1593075
Q_NF1,20200731 09:35:00,11100.9,11108.0,11093.3,11106.2,1625250
Q_NF1,20200731 09:36:00,11109.0,11111.95,11102.55,11109.45,1662000
Q_NF1,20200731 09:37:00,11108.25,11116.95,11106.65,11111.45,1696650
Q_NF1,20200731 09:38:00,11111.45,11113.0,11105.0,11109.0,1733175
Q_NF1,20200731 09:39:00,11109.0,11114.9,11108.6,11112.5,1768125
Q_NF1,20200731 09:40:00,11112.25,11128.7,11112.25,11120.0,1851750
Q_NF1,20200731 09:41:00,11120.0,11129.95,11113.9,11125.35,1909800
Q_NF1,20200731 09:42:00,11127.75,11145.0,11123.85,11141.75,2029125
Q_NF1,20200731 09:43:00,11142.0,11143.0,11127.2,11127.65,2091525
Q_NF1,20200731 09:44:00,11126.3,11138.85,11125.0,11132.0,2124525
Q_NF1,20200731 09:45:00,11132.45,11150.0,11132.45,11147.9,2230125
Q_NF1,20200731 09:46:00,11146.15,11148.45,11138.25,11141.0,2283150
Q_NF1,20200731 09:47:00,11141.1,11145.8,11133.15,11138.0,2318550
Q_NF1,20200731 09:48:00,11136.45,11139.1,11130.55,11132.75,2349600
Q_NF1,20200731 09:49:00,11133.0,11138.8,11130.25,11137.0,2376600
Q_NF1,20200731 09:50:00,11135.95,11139.0,11131.6,11136.35,2395575
Q_NF1,20200731 09:51:00,11136.35,11137.45,11123.05,11126.45,2433000
Q_NF1,20200731 09:52:00,11127.1,11129.65,11125.05,11126.0,2450400
Q_NF1,20200731 09:53:00,11125.8,11130.0,11123.9,11127.4,2469825
Q_NF1,20200731 09:54:00,11127.0,11136.1,11126.95,11136.1,2493300
Q_NF1,20200731 09:55:00,11135.0,11140.0,11129.0,11130.2,2520600
Q_NF1,20200731 09:56:00,11129.65,11130.55,11118.55,11123.5,2568975
Q_NF1,20200731 09:57:00,11121.25,11126.0,11115.7,11123.35,2595750
Q_NF1,20200731 09:58:00,11123.05,11123.85,11112.0,11114.0,2636325
Q_NF1,20200731 09:59:00,11114.4,11119.0,11112.5,11115.0,2666700
Q_NF1,20200731 10:00:00,11115.0,11117.7,11112.3,11116.0,2702775
Q_NF1,20200731 10:01:00,11116.0,11128.5,11115.9,11125.0,2736525
Q_NF1,20200731 10:02:00,11124.8,11129.0,11122.0,11123.4,2755350
Q_NF1,20200731 10:03:00,11122.9,11123.45,11114.4,11114.75,2779500
Q_NF1,20200731 10:04:00,11113.95,11113.95,11101.9,11105.3,2857800
Q_NF1,20200731 10:05:00,11107.4,11107.85,11101.0,11101.2,2902950
Q_NF1,20200731 10:06:00,11101.0,11102.0,11081.9,11084.7,3036750
Q_NF1,20200731 10:07:00,11084.4,11097.7,11083.75,11094.85,3107850
Q_NF1,20200731 10:08:00,11094.5,11097.0,11088.0,11095.0,3163725
Q_NF1,20200731 10:09:00,11093.75,11097.0,11087.0,11096.05,3212775
Q_NF1,20200731 10:10:00,11096.3,11096.35,11080.25,11080.25,3264375
Q_NF1,20200731 10:11:00,11080.1,11086.05,11075.25,11085.5,3320700
Q_NF1,20200731 10:12:00,11086.0,11092.0,11084.55,11090.95,3353175
Q_NF1,20200731 10:13:00,11090.75,11091.4,11082.4,11091.0,3373725
Q_NF1,20200731 10:14:00,11092.0,11093.6,11085.85,11089.7,3403275
Q_NF1,20200731 10:15:00,11090.15,11093.0,11081.85,11093.0,3440100
Q_NF1,20200731 10:16:00,11092.0,11107.0,11091.9,11099.8,3493725
Q_NF1,20200731 10:17:00,11099.8,11103.3,11094.0,11102.7,3513675
Q_NF1,20200731 10:18:00,11101.0,11102.75,11095.0,11096.6,3528150
Q_NF1,20200731 10:19:00,11097.8,11107.45,11096.05,11104.8,3547575
Q_NF1,20200731 10:20:00,11103.9,11110.0,11102.0,11106.2,3592650
Q_NF1,20200731 10:21:00,11106.2,11107.05,11097.55,11098.55,3611850
Q_NF1,20200731 10:22:00,11098.55,11098.6,11095.0,11098.0,3628425
Q_NF1,20200731 10:23:00,11097.0,11111.0,11097.0,11110.25,3660450
Q_NF1,20200731 10:24:00,11112.3,11127.05,11110.5,11119.8,3740100
Q_NF1,20200731 10:25:00,11118.0,11132.4,11117.9,11127.4,3802875
Q_NF1,20200731 10:26:00,11124.5,11125.9,11117.25,11118.75,3836775
Q_NF1,20200731 10:27:00,11121.0,11121.0,11108.9,11112.0,3874575
Q_NF1,20200731 10:28:00,11110.2,11118.45,11108.0,11112.1,3903225
Q_NF1,20200731 10:29:00,11112.1,11117.75,11112.1,11115.9,3913800
Q_NF1,20200731 10:30:00,11117.5,11125.0,11115.25,11120.0,3933000
Q_NF1,20200731 10:31:00,11121.0,11124.75,11115.05,11117.35,3948600
Q_NF1,20200731 10:32:00,11115.55,11124.75,11115.55,11119.9,3962925
Q_NF1,20200731 10:33:00,11119.95,11121.35,11110.2,11111.0,3978375
Q_NF1,20200731 10:34:00,11110.0,11121.1,11110.0,11119.0,4047900
Q_NF1,20200731 10:35:00,11119.0,11119.0,11100.1,11102.75,4082700
Q_NF1,20200731 10:36:00,11102.65,11103.75,11097.65,11101.0,4111950
Q_NF1,20200731 10:37:00,11101.85,11112.05,11100.0,11111.95,4230300
Q_NF1,20200731 10:38:00,11112.0,11112.85,11105.0,11109.85,4272600
Q_NF1,20200731 10:39:00,11110.1,11110.1,11105.0,11106.0,4283250
Q_NF1,20200731 10:40:00,11105.85,11113.0,11101.0,11112.9,4310475
Q_NF1,20200731 10:41:00,11113.05,11118.0,11108.7,11115.0,4334250
Q_NF1,20200731 10:42:00,11115.55,11118.7,11111.25,11116.3,4362600
Q_NF1,20200731 10:43:00,11116.3,11120.0,11112.45,11116.0,4406400
Q_NF1,20200731 10:44:00,11116.0,11120.0,11115.8,11118.0,4417050
Q_NF1,20200731 10:45:00,11118.5,11125.0,11115.3,11121.2,4445700
Q_NF1,20200731 10:46:00,11122.65,11123.35,11117.0,11117.55,4458075
Q_NF1,20200731 10:47:00,11117.0,11123.0,11116.0,11116.55,4472775
Q_NF1,20200731 10:48:00,11116.7,11116.7,11106.95,11109.0,4498275
Q_NF1,20200731 10:49:00,11110.0,11113.35,11103.55,11113.35,4520475
Q_NF1,20200731 10:50:00,11111.75,11115.3,11110.0,11113.1,4534275
Q_NF1,20200731 10:51:00,11111.4,11119.0,11111.0,11119.0,4544025
Q_NF1,20200731 10:52:00,11116.35,11122.0,11116.15,11118.85,4560975
Q_NF1,20200731 10:53:00,11118.85,11123.0,11118.85,11122.7,4584825
Q_NF1,20200731 10:54:00,11123.0,11124.0,11115.0,11121.0,4607625
Q_NF1,20200731 10:55:00,11121.0,11124.0,11118.0,11119.15,4620675
Q_NF1,20200731 10:56:00,11118.0,11121.25,11115.0,11116.75,4640625
Q_NF1,20200731 10:57:00,11116.75,11117.3,11110.85,11113.4,4660125
Q_NF1,20200731 10:58:00,11114.0,11120.95,11112.65,11115.5,4672725
Q_NF1,20200731 10:59:00,11115.5,11119.0,11108.0,11109.9,4686975
Q_NF1,20200731 11:00:00,11108.5,11115.5,11108.0,11111.95,4703400
Q_NF1,20200731 11:01:00,11110.9,11119.75,11110.9,11115.2,4715025
Q_NF1,20200731 11:02:00,11115.0,11115.2,11106.45,11108.0,4726500
Q_NF1,20200731 11:03:00,11107.85,11116.35,11107.65,11115.0,4746150
Q_NF1,20200731 11:04:00,11114.75,11118.95,11114.0,11116.0,4753575
Q_NF1,20200731 11:05:00,11115.0,11117.0,11108.4,11117.0,4763325
Q_NF1,20200731 11:06:00,11116.0,11117.75,11111.0,11111.0,4771275
Q_NF1,20200731 11:07:00,11111.0,11114.75,11108.0,11112.85,4794975
Q_NF1,20200731 11:08:00,11111.7,11115.0,11109.5,11111.5,4800825
Q_NF1,20200731 11:09:00,11111.5,11111.5,11105.0,11105.0,4823850
Q_NF1,20200731 11:10:00,11105.0,11106.0,11090.05,11096.15,4929300
Q_NF1,20200731 11:11:00,11096.25,11103.0,11094.45,11100.1,4967925
Q_NF1,20200731 11:12:00,11099.95,11103.05,11094.3,11101.85,4983825
Q_NF1,20200731 11:13:00,11100.35,11105.65,11098.35,11099.0,5005950
Q_NF1,20200731 11:14:00,11099.0,11101.45,11096.25,11100.0,5025750
Q_NF1,20200731 11:15:00,11099.55,11110.0,11099.55,11106.0,5043600
Q_NF1,20200731 11:16:00,11106.0,11106.5,11103.75,11103.8,5052975
Q_NF1,20200731 11:17:00,11103.8,11108.35,11100.6,11104.45,5074575
Q_NF1,20200731 11:18:00,11104.45,11105.35,11099.65,11101.3,5098725
Q_NF1,20200731 11:19:00,11101.3,11104.5,11096.85,11097.0,5121300
Q_NF1,20200731 11:20:00,11096.0,11102.0,11095.3,11095.3,5134425
Q_NF1,20200731 11:21:00,11096.25,11101.45,11095.0,11098.9,5146125
Q_NF1,20200731 11:22:00,11099.25,11099.25,11091.05,11091.05,5173275
Q_NF1,20200731 11:23:00,11090.15,11094.4,11090.0,11091.8,5209875
Q_NF1,20200731 11:24:00,11090.3,11095.35,11090.3,11092.6,5249175
Q_NF1,20200731 11:25:00,11091.15,11094.9,11084.0,11085.7,5284350
Q_NF1,20200731 11:26:00,11085.7,11092.2,11081.3,11082.95,5334675
Q_NF1,20200731 11:27:00,11081.0,11081.5,11072.05,11075.15,5440125
Q_NF1,20200731 11:28:00,11073.0,11078.8,11071.05,11073.0,5484300
Q_NF1,20200731 11:29:00,11073.0,11077.0,11070.9,11075.0,5544900
Q_NF1,20200731 11:30:00,11075.0,11075.0,11056.55,11064.7,5696250
Q_NF1,20200731 11:31:00,11065.2,11072.7,11063.0,11071.0,5734800
Q_NF1,20200731 11:32:00,11070.65,11075.7,11068.15,11073.7,5776050
Q_NF1,20200731 11:33:00,11074.0,11079.0,11071.85,11077.25,5806200
Q_NF1,20200731 11:34:00,11075.9,11078.0,11072.0,11073.85,5825775
Q_NF1,20200731 11:35:00,11073.85,11084.8,11073.85,11084.0,5852850
Q_NF1,20200731 11:36:00,11082.9,11086.8,11078.0,11080.85,5883900
Q_NF1,20200731 11:37:00,11080.85,11083.0,11073.2,11073.2,5898300
Q_NF1,20200731 11:38:00,11072.1,11081.0,11071.7,11080.0,5912925
Q_NF1,20200731 11:39:00,11080.35,11084.9,11080.0,11083.6,5927775
Q_NF1,20200731 11:40:00,11082.0,11085.3,11081.0,11082.2,5945400
Q_NF1,20200731 11:41:00,11082.4,11089.0,11081.5,11081.5,5965875
Q_NF1,20200731 11:42:00,11081.5,11085.05,11073.2,11077.05,5982900
Q_NF1,20200731 11:43:00,11078.6,11079.8,11075.0,11076.1,5992050
Q_NF1,20200731 11:44:00,11077.25,11077.7,11067.95,11068.0,6023475
Q_NF1,20200731 11:45:00,11067.55,11069.3,11061.65,11066.45,6067650
Q_NF1,20200731 11:46:00,11066.7,11071.95,11061.6,11069.0,6099525
Q_NF1,20200731 11:47:00,11070.0,11078.0,11068.15,11076.0,6119100
Q_NF1,20200731 11:48:00,11075.35,11079.9,11071.15,11079.9,6135600
Q_NF1,20200731 11:49:00,11079.9,11082.55,11075.2,11076.2,6157575
Q_NF1,20200731 11:50:00,11075.9,11081.0,11074.0,11081.0,6174825
Q_NF1,20200731 11:51:00,11079.95,11082.0,11077.7,11081.95,6185550
Q_NF1,20200731 11:52:00,11081.95,11082.0,11078.0,11080.65,6193425
Q_NF1,20200731 11:53:00,11081.5,11099.9,11081.0,11098.0,6263400
Q_NF1,20200731 11:54:00,11097.25,11099.0,11091.0,11093.25,6285450
Q_NF1,20200731 11:55:00,11092.95,11098.0,11091.8,11097.0,6302175
Q_NF1,20200731 11:56:00,11097.0,11097.0,11091.0,11094.15,6322500
Q_NF1,20200731 11:57:00,11094.1,11098.0,11093.1,11097.35,6333300
Q_NF1,20200731 11:58:00,11097.35,11097.35,11091.0,11091.2,6348825
Q_NF1,20200731 11:59:00,11091.2,11093.1,11087.65,11089.35,6363900
Q_NF1,20200731 12:00:00,11089.4,11092.0,11082.55,11082.55,6387000
Q_NF1,20200731 12:01:00,11083.95,11093.9,11082.4,11093.9,6400950
Q_NF1,20200731 12:02:00,11094.0,11097.0,11092.15,11092.8,6412275
Q_NF1,20200731 12:03:00,11092.8,11098.65,11092.8,11097.35,6428925
Q_NF1,20200731 12:04:00,11094.5,11106.95,11094.4,11106.0,6493125
Q_NF1,20200731 12:05:00,11105.25,11112.9,11103.4,11111.0,6562950
Q_NF1,20200731 12:06:00,11111.0,11111.25,11103.6,11104.75,6592950
Q_NF1,20200731 12:07:00,11103.3,11105.9,11100.0,11100.3,6610800
Q_NF1,20200731 12:08:00,11102.0,11110.0,11100.3,11108.0,6644325
Q_NF1,20200731 12:09:00,11108.0,11110.0,11102.0,11102.0,6660750
Q_NF1,20200731 12:10:00,11101.9,11108.2,11101.9,11106.4,6677625
Q_NF1,20200731 12:11:00,11106.7,11111.7,11105.0,11107.0,6705375
Q_NF1,20200731 12:12:00,11105.05,11110.0,11105.0,11110.0,6723450
Q_NF1,20200731 12:13:00,11110.0,11110.0,11096.9,11097.1,6750000
Q_NF1,20200731 12:14:00,11100.0,11100.7,11092.0,11095.85,6775950
Q_NF1,20200731 12:15:00,11095.75,11101.95,11095.75,11099.8,6788700
Q_NF1,20200731 12:16:00,11099.8,11100.0,11088.6,11092.0,6821775
Q_NF1,20200731 12:17:00,11092.0,11093.9,11088.6,11093.0,6845625
Q_NF1,20200731 12:18:00,11093.0,11095.6,11092.0,11095.6,6855525
Q_NF1,20200731 12:19:00,11097.9,11103.5,11095.0,11103.5,6884025
Q_NF1,20200731 12:20:00,11105.95,11114.0,11102.75,11110.15,6923475
Q_NF1,20200731 12:21:00,11110.1,11111.85,11106.0,11110.6,6951525
Q_NF1,20200731 12:22:00,11110.6,11110.75,11106.25,11107.8,6969750
Q_NF1,20200731 12:23:00,11107.8,11115.0,11106.1,11115.0,6986925
Q_NF1,20200731 12:24:00,11115.0,11115.0,11098.6,11099.6,7020075
Q_NF1,20200731 12:25:00,11099.1,11102.75,11081.1,11092.55,7076625
Q_NF1,20200731 12:26:00,11091.0,11091.75,11081.0,11089.45,7110300
Q_NF1,20200731 12:27:00,11087.8,11089.45,11081.0,11084.0,7127250
Q_NF1,20200731 12:28:00,11084.85,11088.75,11082.6,11084.55,7142700
Q_NF1,20200731 12:29:00,11084.55,11092.7,11084.55,11088.1,7154775
Q_NF1,20200731 12:30:00,11087.6,11103.75,11084.0,11095.0,7182300
Q_NF1,20200731 12:31:00,11096.0,11099.9,11095.0,11098.0,7197675
Q_NF1,20200731 12:32:00,11099.45,11099.45,11092.0,11096.3,7205700
Q_NF1,20200731 12:33:00,11092.9,11096.3,11085.85,11091.0,7221600
Q_NF1,20200731 12:34:00,11091.1,11092.45,11085.0,11087.45,7234275
Q_NF1,20200731 12:35:00,11087.45,11095.0,11083.0,11095.0,7252425
Q_NF1,20200731 12:36:00,11094.0,11095.9,11089.05,11090.55,7270800
Q_NF1,20200731 12:37:00,11091.45,11091.45,11085.0,11086.0,7289550
Q_NF1,20200731 12:38:00,11087.9,11090.0,11082.65,11083.5,7303275
Q_NF1,20200731 12:39:00,11083.8,11091.15,11082.55,11083.0,7316775
Q_NF1,20200731 12:40:00,11084.8,11088.0,11081.8,11085.4,7325850
Q_NF1,20200731 12:41:00,11086.5,11087.5,11082.3,11082.75,7340550
Q_NF1,20200731 12:42:00,11082.75,11087.0,11075.85,11079.0,7387800
Q_NF1,20200731 12:43:00,11076.3,11078.0,11070.55,11071.0,7424700
Q_NF1,20200731 12:44:00,11074.1,11080.0,11072.0,11072.0,7448850
Q_NF1,20200731 12:45:00,11073.0,11073.8,11063.8,11067.0,7515150
Q_NF1,20200731 12:46:00,11067.0,11072.4,11063.9,11072.4,7558875
Q_NF1,20200731 12:47:00,11071.7,11076.0,11068.35,11073.5,7590900
Q_NF1,20200731 12:48:00,11073.0,11075.85,11068.45,11070.7,7613325
Q_NF1,20200731 12:49:00,11070.7,11072.0,11066.3,11066.3,7642725
Q_NF1,20200731 12:50:00,11066.45,11067.05,11060.0,11065.0,7695450
Q_NF1,20200731 12:51:00,11063.25,11074.7,11062.95,11069.15,7733175
Q_NF1,20200731 12:52:00,11068.0,11079.2,11067.4,11078.25,7756650
Q_NF1,20200731 12:53:00,11077.25,11082.8,11076.25,11078.0,7785375
Q_NF1,20200731 12:54:00,11079.2,11086.95,11076.4,11079.05,7824825
Q_NF1,20200731 12:55:00,11080.0,11086.35,11079.05,11081.0,7842900
Q_NF1,20200731 12:56:00,11081.4,11083.65,11075.0,11075.0,7862025
Q_NF1,20200731 12:57:00,11075.0,11079.2,11072.8,11076.45,7877100
Q_NF1,20200731 12:58:00,11076.45,11091.45,11074.75,11091.45,7901100
Q_NF1,20200731 12:59:00,11092.45,11092.55,11084.3,11084.3,7928325
Q_NF1,20200731 13:00:00,11086.45,11093.95,11083.6,11092.5,7951500
Q_NF1,20200731 13:01:00,11093.3,11098.2,11091.0,11092.0,7986300
Q_NF1,20200731 13:02:00,11092.0,11096.0,11087.0,11096.0,8001825
Q_NF1,20200731 13:03:00,11095.0,11095.0,11087.0,11088.0,8031525
Q_NF1,20200731 13:04:00,11089.0,11090.75,11077.45,11080.15,8051850
Q_NF1,20200731 13:05:00,11082.05,11089.0,11077.0,11087.5,8074425
Q_NF1,20200731 13:06:00,11087.5,11092.0,11082.25,11084.6,8090100
Q_NF1,20200731 13:07:00,11084.6,11088.9,11082.6,11083.05,8098200
Q_NF1,20200731 13:08:00,11084.55,11084.55,11078.6,11081.0,8111100
Q_NF1,20200731 13:09:00,11081.0,11083.05,11076.85,11083.05,8123400
Q_NF1,20200731 13:10:00,11083.45,11091.75,11082.7,11085.05,8146275
Q_NF1,20200731 13:11:00,11087.4,11092.8,11083.25,11091.45,8155500
Q_NF1,20200731 13:12:00,11090.25,11092.65,11086.45,11091.6,8165925
Q_NF1,20200731 13:13:00,11091.6,11091.6,11084.0,11088.2,8176425
Q_NF1,20200731 13:14:00,11088.2,11090.0,11084.7,11085.85,8183250
Q_NF1,20200731 13:15:00,11087.5,11089.5,11081.25,11083.9,8197125
Q_NF1,20200731 13:16:00,11083.9,11083.9,11071.65,11074.35,8225775
Q_NF1,20200731 13:17:00,11077.4,11078.75,11070.0,11075.0,8253225
Q_NF1,20200731 13:18:00,11075.0,11079.0,11072.8,11074.3,8266725
Q_NF1,20200731 13:19:00,11074.3,11082.7,11073.8,11078.55,8285325
Q_NF1,20200731 13:20:00,11079.0,11081.3,11072.0,11072.7,8310075
Q_NF1,20200731 13:21:00,11073.95,11076.5,11070.0,11073.05,8332575
Q_NF1,20200731 13:22:00,11072.5,11078.0,11072.0,11074.7,8351025
Q_NF1,20200731 13:23:00,11072.6,11077.0,11066.45,11076.45,8406825
Q_NF1,20200731 13:24:00,11077.0,11079.7,11072.75,11078.5,8418825
Q_NF1,20200731 13:25:00,11077.9,11077.9,11073.75,11075.05,8429025
Q_NF1,20200731 13:26:00,11075.05,11075.05,11070.0,11074.9,8443275
Q_NF1,20200731 13:27:00,11074.9,11080.7,11073.0,11077.0,8460300
Q_NF1,20200731 13:28:00,11077.0,11079.6,11074.7,11077.3,8472150
Q_NF1,20200731 13:29:00,11077.15,11082.45,11074.5,11079.55,8488425
Q_NF1,20200731 13:30:00,11078.85,11080.9,11075.45,11078.15,8501175
Q_NF1,20200731 13:31:00,11077.9,11078.55,11066.6,11067.0,8526975
Q_NF1,20200731 13:32:00,11067.95,11070.0,11060.05,11065.05,8589750
Q_NF1,20200731 13:33:00,11066.0,11070.9,11063.2,11068.8,8612625
Q_NF1,20200731 13:34:00,11067.75,11069.45,11041.2,11044.35,8861100
Q_NF1,20200731 13:35:00,11046.3,11046.95,11034.0,11046.95,9022350
Q_NF1,20200731 13:36:00,11047.15,11047.95,11031.75,11038.4,9131850
Q_NF1,20200731 13:37:00,11036.15,11043.9,11032.15,11041.95,9204900
Q_NF1,20200731 13:38:00,11043.0,11049.0,11040.1,11044.0,9271350
Q_NF1,20200731 13:39:00,11041.1,11052.0,11041.1,11050.6,9341625
Q_NF1,20200731 13:40:00,11048.75,11049.6,11035.0,11036.35,9425475
Q_NF1,20200731 13:41:00,11035.6,11040.0,11025.0,11034.0,9538650
Q_NF1,20200731 13:42:00,11032.05,11037.0,11030.0,11032.2,9580725
Q_NF1,20200731 13:43:00,11033.8,11041.0,11031.2,11040.6,9612375
Q_NF1,20200731 13:44:00,11039.85,11043.85,11035.1,11036.3,9646800
Q_NF1,20200731 13:45:00,11036.6,11038.65,11031.25,11038.3,9679575
Q_NF1,20200731 13:46:00,11039.0,11039.0,11032.0,11034.0,9699525
Q_NF1,20200731 13:47:00,11036.2,11047.7,11033.7,11041.3,9743250
Q_NF1,20200731 13:48:00,11041.3,11047.95,11040.5,11046.3,9767100
Q_NF1,20200731 13:49:00,11046.45,11048.0,11036.5,11037.6,9810675
Q_NF1,20200731 13:50:00,11037.15,11038.45,11028.0,11033.9,9870000
Q_NF1,20200731 13:51:00,11035.0,11045.0,11033.1,11045.0,9891600
Q_NF1,20200731 13:52:00,11043.25,11054.3,11043.1,11051.45,9955875
Q_NF1,20200731 13:53:00,11051.45,11053.75,11046.45,11046.75,9980550
Q_NF1,20200731 13:54:00,11047.0,11047.0,11042.0,11042.95,9994575
Q_NF1,20200731 13:55:00,11042.95,11048.1,11042.7,11047.0,10020975
Q_NF1,20200731 13:56:00,11047.0,11059.0,11045.1,11059.0,10061250
Q_NF1,20200731 13:57:00,11063.5,11104.3,11059.45,11098.6,10377600
Q_NF1,20200731 13:58:00,11098.5,11119.0,11098.25,11100.25,10547325
Q_NF1,20200731 13:59:00,11101.0,11101.0,11086.0,11089.6,10620375
Q_NF1,20200731 14:00:00,11092.0,11106.0,11090.25,11099.75,10684800
Q_NF1,20200731 14:01:00,11099.75,11101.0,11087.25,11087.85,10725000
Q_NF1,20200731 14:02:00,11087.3,11094.55,11076.5,11076.95,10772175
Q_NF1,20200731 14:03:00,11079.0,11089.0,11077.4,11086.0,10798275
Q_NF1,20200731 14:04:00,11085.6,11089.65,11078.4,11088.15,10818000
Q_NF1,20200731 14:05:00,11088.0,11093.5,11083.65,11087.9,10844100
Q_NF1,20200731 14:06:00,11087.9,11088.25,11081.65,11085.9,10860075
Q_NF1,20200731 14:07:00,11085.9,11092.0,11076.0,11087.8,10899000
Q_NF1,20200731 14:08:00,11088.5,11094.0,11086.3,11090.0,10913850
Q_NF1,20200731 14:09:00,11089.65,11095.0,11087.55,11087.55,10949400
Q_NF1,20200731 14:10:00,11090.1,11099.25,11087.55,11098.65,10985625
Q_NF1,20200731 14:11:00,11098.85,11110.05,11098.85,11107.8,11059950
Q_NF1,20200731 14:12:00,11108.55,11114.5,11106.0,11113.9,11118300
Q_NF1,20200731 14:13:00,11113.8,11114.0,11100.0,11102.35,11146950
Q_NF1,20200731 14:14:00,11102.45,11108.55,11101.6,11105.0,11165625
Q_NF1,20200731 14:15:00,11105.9,11114.5,11105.05,11110.25,11206050
Q_NF1,20200731 14:16:00,11110.25,11111.0,11103.0,11110.0,11229975
Q_NF1,20200731 14:17:00,11108.85,11111.0,11100.0,11102.15,11258025
Q_NF1,20200731 14:18:00,11102.15,11102.55,11091.1,11092.8,11298225
Q_NF1,20200731 14:19:00,11093.7,11100.2,11092.55,11096.5,11323125
Q_NF1,20200731 14:20:00,11096.5,11096.5,11082.6,11085.0,11365200
Q_NF1,20200731 14:21:00,11085.2,11096.7,11085.05,11093.7,11380950
Q_NF1,20200731 14:22:00,11093.7,11094.05,11085.05,11089.75,11394300
Q_NF1,20200731 14:23:00,11090.0,11100.0,11088.55,11097.6,11412450
Q_NF1,20200731 14:24:00,11098.0,11100.0,11091.0,11094.55,11426475
Q_NF1,20200731 14:25:00,11094.55,11094.85,11084.55,11086.1,11448675
Q_NF1,20200731 14:26:00,11087.35,11091.0,11086.15,11090.0,11460600
Q_NF1,20200731 14:27:00,11090.0,11095.5,11086.0,11095.0,11473725
Q_NF1,20200731 14:28:00,11095.0,11105.0,11094.8,11104.45,11517450
Q_NF1,20200731 14:29:00,11101.05,11105.0,11095.2,11099.7,11534400
Q_NF1,20200731 14:30:00,11099.75,11099.75,11092.0,11092.95,11561475
Q_NF1,20200731 14:31:00,11093.15,11103.0,11089.0,11098.0,11589225
Q_NF1,20200731 14:32:00,11098.0,11098.35,11091.55,11096.65,11607225
Q_NF1,20200731 14:33:00,11094.9,11097.35,11092.8,11094.5,11618850
Q_NF1,20200731 14:34:00,11095.5,11095.5,11071.05,11073.05,11682750
Q_NF1,20200731 14:35:00,11074.45,11075.4,11060.0,11067.6,11793225
Q_NF1,20200731 14:36:00,11069.05,11072.3,11066.05,11072.0,11831775
Q_NF1,20200731 14:37:00,11072.35,11081.9,11071.0,11078.05,11870400
Q_NF1,20200731 14:38:00,11077.25,11081.3,11075.0,11075.5,11889150
Q_NF1,20200731 14:39:00,11077.0,11085.0,11076.0,11078.05,11917125
Q_NF1,20200731 14:40:00,11076.35,11082.0,11075.25,11080.3,11935500
Q_NF1,20200731 14:41:00,11080.3,11083.0,11077.7,11080.0,11950800
Q_NF1,20200731 14:42:00,11080.0,11082.05,11078.0,11081.8,11961750
Q_NF1,20200731 14:43:00,11081.8,11081.8,11077.0,11078.25,11975025
Q_NF1,20200731 14:44:00,11077.1,11083.0,11075.0,11075.85,11994750
Q_NF1,20200731 14:45:00,11077.1,11077.1,11067.8,11072.6,12043125
Q_NF1,20200731 14:46:00,11072.65,11078.25,11069.6,11072.65,12078750
Q_NF1,20200731 14:47:00,11071.5,11072.65,11064.7,11064.85,12126450
Q_NF1,20200731 14:48:00,11063.2,11063.65,11051.2,11062.45,12211500
Q_NF1,20200731 14:49:00,11062.15,11062.65,11052.0,11057.75,12255375
Q_NF1,20200731 14:50:00,11056.75,11064.4,11055.0,11055.0,12277425
Q_NF1,20200731 14:51:00,11055.0,11061.45,11053.0,11057.95,12317025
Q_NF1,20200731 14:52:00,11057.95,11063.0,11055.15,11061.3,12333600
Q_NF1,20200731 14:53:00,11062.6,11069.4,11060.4,11062.35,12360450
Q_NF1,20200731 14:54:00,11061.5,11062.95,11053.05,11058.45,12392325
Q_NF1,20200731 14:55:00,11058.4,11063.9,11054.7,11062.85,12415125
Q_NF1,20200731 14:56:00,11062.85,11084.0,11062.85,11076.0,12476250
Q_NF1,20200731 14:57:00,11076.0,11093.45,11073.9,11093.1,12529725
Q_NF1,20200731 14:58:00,11092.45,11093.3,11082.85,11090.15,12565575
Q_NF1,20200731 14:59:00,11090.0,11091.9,11080.05,11084.0,12608100
Q_NF1,20200731 15:00:00,11082.45,11086.7,11072.15,11072.2,12643800
Q_NF1,20200731 15:01:00,11072.0,11080.75,11072.0,11076.9,12678375
Q_NF1,20200731 15:02:00,11078.1,11093.65,11076.1,11087.9,12726900
Q_NF1,20200731 15:03:00,11089.0,11090.0,11080.0,11082.0,12753150
Q_NF1,20200731 15:04:00,11080.0,11089.45,11078.45,11085.85,12776700
Q_NF1,20200731 15:05:00,11083.8,11090.55,11082.95,11087.75,12802800
Q_NF1,20200731 15:06:00,11087.75,11095.0,11087.75,11094.2,12832800
Q_NF1,20200731 15:07:00,11094.0,11100.95,11090.5,11092.0,12879150
Q_NF1,20200731 15:08:00,11092.5,11095.8,11089.35,11094.95,12916800
Q_NF1,20200731 15:09:00,11095.8,11099.55,11094.0,11094.2,12943050
Q_NF1,20200731 15:10:00,11094.2,11100.0,11092.0,11093.95,12986700
Q_NF1,20200731 15:11:00,11094.75,11094.85,11088.85,11094.05,13033575
Q_NF1,20200731 15:12:00,11094.75,11097.0,11090.65,11097.0,13064400
Q_NF1,20200731 15:13:00,11096.9,11098.0,11091.4,11093.75,13080450
Q_NF1,20200731 15:14:00,11095.0,11095.95,11090.0,11090.0,13111125
Q_NF1,20200731 15:15:00,11091.9,11094.65,11088.0,11090.0,13144275
Q_NF1,20200731 15:16:00,11090.0,11090.75,11083.25,11084.5,13183350
Q_NF1,20200731 15:17:00,11085.25,11090.85,11083.05,11090.85,13219650
Q_NF1,20200731 15:18:00,11091.4,11091.5,11085.0,11089.0,13253100
Q_NF1,20200731 15:19:00,11089.0,11097.75,11087.8,11096.1,13300800
Q_NF1,20200731 15:20:00,11093.55,11098.55,11092.05,11096.75,13349700
Q_NF1,20200731 15:21:00,11097.95,11105.0,11096.35,11099.5,13450275
Q_NF1,20200731 15:22:00,11098.6,11106.0,11098.15,11106.0,13477425
Q_NF1,20200731 15:23:00,11105.0,11108.4,11103.1,11107.0,13523625
Q_NF1,20200731 15:24:00,11107.9,11108.7,11104.95,11104.95,13555800
Q_NF1,20200731 15:25:00,11104.95,11111.0,11103.05,11109.05,13621425
Q_NF1,20200731 15:26:00,11109.75,11109.9,11105.0,11106.0,13659900
Q_NF1,20200731 15:27:00,11106.0,11106.55,11102.55,11104.45,13712700
Q_NF1,20200731 15:28:00,11104.6,11107.0,11103.8,11105.0,13762350
